LAI
-0.0014
-0.0017
-0.0011
-0.0011
-0.001
-0.001
-0.001
-0.0017
-0.0023
-0.0016
-0.0015
-0.0017
-0.0017
-0.0017
-0.0016
-0.0012
-0.0007
-0.0008
-0.0015
-0.0017
-0.0019
-0.0017
-0.001
-0.0013
-0.0021
-0.0012
-0.0007
-0.001
-0.0006
-0.0004
-0.0008
-0.001
-0.0012
-0.0017
-0.0015
-0.001
-0.0009
-0.0012
-0.0016
-0.0012
-0.0018
-0.0015
-0.0017
-0.0019
-0.0023
-0.0016
-0.0017
-0.002
-0.0017
-0.0025
-0.003
-0.0025
-0.0021
-0.0016
-0.002
-0.0017
-0.0017
-0.0015
-0.0016
-0.0018
-0.0014
-0.0007
-0.0015
-0.0015
-0.002
-0.0026
-0.0026
-0.0019
-0.0018
-0.0024
-0.003
-0.0027
-0.0029
-0.002
-0.0016
-0.0019
-0.002
-0.002
-0.0027
-0.0027
-0.0021
-0.0029
-0.0034
-0.0024
-0.0026
-0.0027
-0.0027
-0.0029
-0.0028
-0.0034
-0.0035
-0.0044
-0.0046
-0.0045
-0.0054
-0.005
-0.0043
-0.0037
-0.0046
-0.0038
-0.0046
-0.0038
-0.0036
-0.0041
-0.0057
-0.0055
-0.0054
-0.0065
-0.007
-0.0072
-0.007
-0.0075
-0.0058
-0.0074
-0.0064
-0.0041
-0.0058
-0.0067
0.1953
0.3577
0.3667
0.5918
0.7643
0.6259
0.9835
0.7959
1.5489
1.2919
1.5155
1.9739
2.0562
2.5665
2.4193
1.9663
2.2312
2.2764
3.0359
2.0532
3.2893
2.8534
3.1135
2.9766
2.8421
3.3843
7.5048
2.9389
5.1456
2.6706
3.9891
3.0292
3.9711
3.8568
4.9553
5.3028
5.5863
6.3948
3.4126
4.332
4.862
6.3096
6.325
4.4669
4.72
5.4132
6.4909
4.6367
5.2269
5.8178
5.8972
5.5697
5.3665
6.8925
5.2501
4.5257
4.5918
5.7555
6.7519
5.9942
6.0481
5.424
5.3987
7.3822
6.6099
4.8185
5.2958
5.6255
5.8132
5.6789
5.2904
5.2423
5.1125
5.1298
4.9473
5.6327
5.3368
4.7807
4.7749
4.7375
4.4224
3.9992
3.8806
4.032
4.1955
4.4926
4.7917
5.164
4.5171
5.2791
5.5256
5.331
5.8635
5.0277
4.5727
4.7146
4.7837
4.2362
4.1573
4.0747
4.1675
4.1931
3.8596
4.1384
4.0191
3.7696
4.5813
6.9705
6.3933
5.2893
4.4437
4.0735
4.0606
3.9266
3.6849
3.746
3.8277
3.1209
3.3273
3.6105
4.0695
5.2569
4.9755
5.6002
5.6793
5.8255
4.8085
5.0062
5.2356
5.0839
4.9464
4.773
6.2078
5.55
4.9267
6.2
5.6894
5.2626
5.6598
8.1698
5.3204
5.2261
4.9074
5.4493
5.747
5.9921
5.7303
6.187
7.8305
6.3719
5.7888
5.2841
5.0487
5.7993
5.4688
6.9291
4.5051
4.1277
5.0755
5.5084
8.0597
5.0781
3.5136
4.1879
3.5351
3.2815
2.2774
3.7613
4.1439
3.8056
3.7821
3.5678
3.2334
4.299
5.181
5.211
6.3604
5.0976
4.2811
6.5973
3.9104
2.8302
0.9038
1.1722
3.3518
5.4811
3.5987
2.7468
2.3029
1.729
2.0555
1.0228
0.4402
-0.0639
-0.052
-0.0422
-0.0311
-0.0279
-0.0183
-0.0137
-0.011
-0.0076
-0.0065
-0.0068
-0.0047
-0.0035
-0.0029
-0.0027
-0.003
-0.0023
-0.0025
-0.0029
-0.002
-0.0016
-0.0018
-0.0023
-0.0021
-0.0024
-0.0015
-0.0012
-0.0015
-0.0012
-0.0017
-0.0018
-0.0012
-0.0016
-0.0012
-0.0014
-0.001
-0.0012
-0.0015
-0.0015
-0.0018
-0.0025
-0.0014
-0.002
-0.0019
-0.0015
-0.0014
-0.0011
-0.0012
-0.0014
-0.0019
-0.0022
-0.0021
-0.0019
-0.0016
