ws
0.3356
0.3341
0.3332
0.3346
0.3472
0.3454
0.3436
0.3415
0.3388
0.3369
0.3351
0.3335
0.3321
0.3306
0.3292
0.3285
0.3279
0.3338
0.332
0.3299
0.3279
0.3262
0.3499
0.3476
0.3445
0.3427
0.3415
0.3405
0.3402
0.35
0.3487
0.347
0.3453
0.343
0.341
0.3499
0.3499
0.3482
0.3461
0.3445
0.3421
0.3401
0.3383
0.3367
0.3347
0.3348
0.3332
0.3316
0.3302
0.3416
0.3385
0.336
0.334
0.3328
0.3311
0.3297
0.3283
0.3271
0.326
0.3277
0.3267
0.332
0.3322
0.3298
0.3272
0.3242
0.3218
0.3198
0.3177
0.316
0.3141
0.3126
0.3111
0.3103
0.3096
0.3088
0.3435
0.3499
0.3459
0.3422
0.3395
0.3364
0.3335
0.3318
0.3301
0.3284
0.3268
0.3254
0.3239
0.3221
0.3206
0.3191
0.3178
0.3166
0.3153
0.3146
0.3139
0.3133
0.3125
0.312
0.3114
0.3261
0.3499
0.3463
0.3422
0.3395
0.3358
0.3329
0.332
0.3293
0.3276
0.325
0.3235
0.3213
0.3391
0.3416
0.3389
0.3329
0.3299
0.3271
0.3243
0.3225
0.3208
0.3187
0.3173
0.315
0.3131
0.3109
0.3141
0.3127
0.3098
0.308
0.3056
0.3034
0.3011
0.299
0.339
0.3322
0.3274
0.3222
0.3174
0.3124
0.3083
0.3128
0.3105
0.306
0.3217
0.3441
0.3369
0.3285
0.3218
0.3159
0.3117
0.308
0.3498
0.3498
0.3419
0.335
0.3377
0.3314
0.3256
0.3197
0.3179
0.3203
0.3143
0.341
0.3323
0.3257
0.3194
0.3136
0.3081
0.3038
0.2991
0.294
0.2892
0.2852
0.2817
0.2781
0.2747
0.2712
0.2676
0.3159
0.3113
0.3444
0.3333
0.3241
0.3166
0.3097
0.3031
0.2971
0.2913
0.286
0.2807
0.276
0.2713
0.2662
0.2615
0.2585
0.2561
0.2508
0.2464
0.2434
0.2406
0.2379
0.2426
0.2382
0.2333
0.2293
0.2258
0.2537
0.2486
0.243
0.2373
0.2322
0.2272
0.2222
0.2174
0.2128
0.2087
0.2061
0.2034
0.2009
0.1984
0.1958
0.2582
0.2535
0.2485
0.2434
0.238
0.233
0.2283
0.2239
0.2191
0.2145
0.21
0.2052
0.2064
0.2018
0.2674
0.2602
0.2538
0.2486
0.244
0.2397
0.2351
0.2307
0.2265
0.2225
0.2184
0.2143
0.2278
0.2247
0.2199
0.2162
0.2124
0.2091
0.2138
0.2106
0.207
0.2036
0.2698
0.2677
0.261
0.2553
0.2501
0.2457
0.2423
0.2387
0.2349
0.2312
0.2276
0.2246
0.2216
0.219
0.216
0.2134
0.2109
0.2082
0.2085
0.2066
0.263
0.2923
0.2888
0.285
0.2797
0.2751
0.2713
0.2674
0.2639
0.2607
0.262
0.2874
0.2859
0.282
0.2786
0.2847
0.3071
0.3022
0.2975
0.2992
0.3362
0.3301
0.3253
0.3225
0.3216
0.3338
0.3318
0.3308
0.3276
0.3234
0.3198
0.3176
0.3153
0.3129
0.3114
0.3105
0.3088
0.3076
0.3065
0.3055
0.3045
0.3033
0.3021
0.3011
0.3001
0.2994
0.2986
0.298
0.2973
0.2966
0.2961
0.2957
0.2952
0.2947
0.2942
0.2938
0.3392
0.3395
0.3375
0.3358
0.3336
0.3315
0.3366
0.3343
0.3325
0.3311
0.3328
0.3312
0.3291
0.3273
0.3251
0.3228
0.3221
0.32
0.3185
0.3171
0.3424
0.3406
0.3389
0.3369
0.3346
0.3322
0.33
0.3304
0.3287
