LAI
0.032456487
0.032456487
0.032456487
0.032456487
0.032456487
0.032456487
0.032456487
0.032456487
0.030846393
0.030846393
0.030846393
0.030846393
0.030846393
0.030846393
0.030846393
0.030846393
0.028368112
0.028368112
0.028368112
0.028368112
0.028368112
0.028368112
0.028368112
0.028368112
0.0225076
0.0225076
0.0225076
0.0225076
0.0225076
0.0225076
0.0225076
0.0225076
0.018449308
0.018449308
0.018449308
0.018449308
0.018449308
0.018449308
0.018449308
0.018449308
0.015004003
0.015004003
0.015004003
0.015004003
0.015004003
0.015004003
0.015004003
0.015004003
0.00958852
0.00958852
0.00958852
0.00958852
0.00958852
0.00958852
0.00958852
0.00958852
0.011457411
0.011457411
0.011457411
0.011457411
0.011457411
0.011457411
0.011457411
0.011457411
0.025832957
0.025832957
0.025832957
0.025832957
0.025832957
0.025832957
0.025832957
0.025832957
0.066224486
0.066224486
0.066224486
0.066224486
0.066224486
0.066224486
0.066224486
0.066224486
0.11406558
0.11406558
0.11406558
0.11406558
0.11406558
0.11406558
0.11406558
0.11406558
0.19545533
0.19545533
0.19545533
0.19545533
0.19545533
0.19545533
0.19545533
0.19545533
0.312149
0.312149
0.312149
0.312149
0.312149
0.312149
0.312149
0.312149
0.4454612
0.4454612
0.4454612
0.4454612
0.4454612
0.4454612
0.4454612
0.4454612
0.6111258
0.6111258
0.6111258
0.6111258
0.6111258
0.6111258
0.6111258
0.6111258
0.80869955
0.80869955
0.80869955
0.80869955
0.80869955
0.80869955
0.80869955
0.80869955
1.0315994
1.0315994
1.0315994
1.0315994
1.0315994
1.0315994
1.0315994
1.0315994
1.2422893
1.2422893
1.2422893
1.2422893
1.2422893
1.2422893
1.2422893
1.2422893
1.4486797
1.4486797
1.4486797
1.4486797
1.4486797
1.4486797
1.4486797
1.4486797
1.6192676
1.6192676
1.6192676
1.6192676
1.6192676
1.6192676
1.6192676
1.6192676
1.7423327
1.7423327
1.7423327
1.7423327
1.7423327
1.7423327
1.7423327
1.7423327
1.8542436
1.8542436
1.8542436
1.8542436
1.8542436
1.8542436
1.8542436
1.8542436
1.9675459
1.9675459
1.9675459
1.9675459
1.9675459
1.9675459
1.9675459
1.9675459
2.0774028
2.0774028
2.0774028
2.0774028
2.0774028
2.0774028
2.0774028
2.0774028
2.168071
2.168071
2.168071
2.168071
2.168071
2.168071
2.168071
2.168071
2.2458375
2.2458375
2.2458375
2.2458375
2.2458375
2.2458375
2.2458375
2.2458375
2.3110523
2.3110523
2.3110523
2.3110523
2.3110523
2.3110523
2.3110523
2.3110523
2.313257
2.313257
2.313257
2.313257
2.313257
2.313257
2.313257
2.313257
2.250155
2.250155
2.250155
2.250155
2.250155
2.250155
2.250155
2.250155
2.1162481
2.1162481
2.1162481
2.1162481
2.1162481
2.1162481
2.1162481
2.1162481
1.9403075
1.9403075
1.9403075
1.9403075
1.9403075
1.9403075
1.9403075
1.9403075
1.6995223
1.6995223
1.6995223
1.6995223
1.6995223
1.6995223
1.6995223
1.6995223
1.4656663
1.4656663
1.4656663
1.4656663
1.4656663
1.4656663
1.4656663
1.4656663
1.2999331
1.2999331
1.2999331
1.2999331
1.2999331
1.2999331
1.2999331
1.2999331
1.0342593
1.0342593
1.0342593
1.0342593
1.0342593
1.0342593
1.0342593
1.0342593
0.8284878
0.8284878
0.8284878
0.8284878
0.8284878
0.8284878
0.8284878
0.8284878
0.6602012
0.6602012
0.6602012
0.6602012
0.6602012
0.6602012
0.6602012
0.6602012
0.5334709
0.5334709
0.5334709
0.5334709
0.5334709
0.5334709
0.5334709
0.5334709
0.43224198
0.43224198
0.43224198
0.43224198
0.43224198
0.43224198
0.43224198
0.43224198
0.35256544
0.35256544
0.35256544
0.35256544
0.35256544
0.35256544
0.35256544
0.35256544
0.30207282
0.30207282
0.30207282
0.30207282
0.30207282
0.30207282
0.30207282
0.30207282
0.24959461
0.24959461
0.24959461
0.24959461
0.24959461
0.24959461
0.24959461
0.24959461
0.23562272
0.23562272
0.23562272
0.23562272
0.23562272
0.23562272
0.23562272
0.23562272
0.21895438
0.21895438
0.21895438
0.21895438
0.21895438
0.21895438
0.21895438
0.21895438
0.21406977
0.21406977
0.21406977
0.21406977
0.21406977
0.21406977
0.21406977
0.21406977
0.1889936
0.1889936
0.1889936
0.1889936
0.1889936
0.17762682
0.17762682
0.17762682
0.17762682
0.17762682
0.17762682
0.17762682
0.17762682
0.18215196
0.18215196
0.18215196
0.18215196
0.18215196
0.18215196
0.18215196
0.18215196
0.15391055
0.15391055
0.15391055
0.15391055
0.15391055
0.15391055
0.15391055
0.15391055
0.13994907
0.13994907
0.13994907
0.13994907
0.13994907
0.13994907
0.13994907
0.13994907
0.13123305
0.13123305
0.13123305
0.13123305
0.13123305
0.13123305
0.13123305
0.13123305
0.13710408
0.13710408
0.13710408
0.13710408
0.13710408
0.13710408
0.13710408
0.13710408
0.10949714
0.10949714
0.10949714
0.10949714
0.10949714
0.10949714
0.10949714
0.10949714
0.10584745
0.10584745
0.10584745
0.10584745
0.10584745
0.10584745
0.10584745
0.10584745
0.117843725
0.117843725
0.117843725
0.117843725
0.117843725
0.117843725
0.117843725
0.117843725
0.13945238
0.13945238
0.13945238
0.13945238
0.13945238
0.13945238
0.13945238
0.13945238
0.17740002
0.17740002
0.17740002
0.17740002
0.17740002
0.17740002
0.17740002
0.17740002
0.212586
0.212586
0.212586
0.212586
0.212586
0.212586
0.212586
0.212586
0.30130112
0.30130112
0.30130112
0.30130112
0.30130112
0.30130112
0.30130112
0.30130112
0.38207775
0.38207775
0.38207775
0.38207775
0.38207775
0.38207775
0.38207775
0.38207775
0.5095021
0.5095021
0.5095021
0.5095021
0.5095021
0.5095021
0.5095021
0.5095021
0.6140901
0.6140901
0.6140901
0.6140901
0.6140901
0.6140901
0.6140901
0.6140901
0.7760245
0.7760245
0.7760245
0.7760245
0.7760245
0.7760245
0.7760245
0.7760245
0.9829758
0.9829758
0.9829758
0.9829758
0.9829758
0.9829758
0.9829758
0.9829758
1.2505933
1.2505933
1.2505933
1.2505933
1.2505933
1.2505933
1.2505933
1.2505933
1.5219979
1.5219979
1.5219979
1.5219979
1.5219979
1.5219979
1.5219979
1.5219979
1.8218867
1.8218867
1.8218867
1.8218867
1.8218867
1.8218867
1.8218867
1.8218867
2.0455217
2.0455217
2.0455217
2.0455217
2.0455217
2.0455217
2.0455217
2.0455217
2.290624
2.290624
2.290624
2.290624
2.290624
2.290624
2.290624
2.290624
2.465536
2.465536
2.465536
2.465536
2.465536
2.465536
2.465536
2.465536
2.642984
2.642984
2.642984
2.642984
2.642984
2.642984
2.642984
2.642984
2.7718217
2.7718217
2.7718217
2.7718217
2.7718217
2.7718217
2.7718217
2.7718217
2.8446794
2.8446794
2.8446794
2.8446794
2.8446794
2.8446794
2.8446794
2.8446794
2.8087952
2.8087952
2.8087952
2.8087952
2.8087952
2.8087952
2.8087952
2.8087952
2.6902044
2.6902044
2.6902044
2.6902044
2.6902044
2.6902044
2.6902044
2.6902044
2.4933224
2.4933224
2.4933224
2.4933224
2.4933224
2.4933224
2.4933224
2.4933224
2.2693827
2.2693827
2.2693827
2.2693827
2.2693827
2.2693827
2.2693827
2.2693827
1.9880148
1.9880148
1.9880148
1.9880148
1.9880148
1.9880148
1.9880148
1.9880148
1.6931256
1.6931256
1.6931256
1.6931256
1.6931256
1.6931256
1.6931256
1.6931256
1.406691
1.406691
1.406691
1.406691
1.406691
1.406691
1.406691
1.406691
1.1270752
1.1270752
1.1270752
1.1270752
1.1270752
1.1270752
1.1270752
1.1270752
0.8872882
0.8872882
0.8872882
0.8872882
0.8872882
0.8872882
0.8872882
0.8872882
0.7058916
0.7058916
0.7058916
0.7058916
0.7058916
0.7058916
0.7058916
0.7058916
0.5819238
0.5819238
0.5819238
0.5819238
0.5819238
0.5819238
0.5819238
0.5819238
0.494915
0.494915
0.494915
0.494915
0.494915
0.494915
0.494915
0.494915
0.41692847
0.41692847
0.41692847
0.41692847
0.41692847
0.41692847
0.41692847
0.41692847
0.36636853
0.36636853
0.36636853
0.36636853
0.36636853
0.36636853
0.36636853
0.36636853
0.33318344
0.33318344
0.33318344
0.33318344
0.33318344
0.33318344
0.33318344
0.33318344
0.30973375
0.30973375
0.30973375
0.30973375
0.30973375
0.30973375
0.30973375
0.30973375
0.29954728
0.29954728
0.29954728
0.29954728
0.29954728
0.29954728
0.29954728
0.29954728
0.28383693
0.28383693
0.28383693
0.28383693
0.28383693
0.28383693
0.28383693
0.28383693
0.269318
0.269318
0.269318
0.269318
0.269318
0.25362444
0.25362444
0.25362444
0.25362444
0.25362444
0.25362444
0.25362444
0.25362444
0.25007197
0.25007197
0.25007197
0.25007197
0.25007197
0.25007197
0.25007197
0.25007197
0.22427736
0.22427736
0.22427736
0.22427736
0.22427736
0.22427736
0.22427736
0.22427736
0.18556099
0.18556099
0.18556099
0.18556099
0.18556099
0.18556099
0.18556099
0.18556099
0.16967301
0.16967301
0.16967301
0.16967301
0.16967301
0.16967301
0.16967301
0.16967301
0.15888618
0.15888618
0.15888618
0.15888618
0.15888618
0.15888618
0.15888618
0.15888618
0.15551387
0.15551387
0.15551387
0.15551387
0.15551387
0.15551387
0.15551387
0.15551387
0.15891603
0.15891603
0.15891603
0.15891603
0.15891603
0.15891603
0.15891603
0.15891603
0.17429033
0.17429033
0.17429033
0.17429033
0.17429033
0.17429033
0.17429033
0.17429033
0.20092265
0.20092265
0.20092265
0.20092265
0.20092265
0.20092265
0.20092265
0.20092265
0.27599427
0.27599427
0.27599427
0.27599427
0.27599427
0.27599427
0.27599427
0.27599427
0.30266806
0.30266806
0.30266806
0.30266806
0.30266806
0.30266806
0.30266806
0.30266806
0.37590265
0.37590265
0.37590265
0.37590265
0.37590265
0.37590265
0.37590265
0.37590265
0.46840444
0.46840444
0.46840444
0.46840444
0.46840444
0.46840444
0.46840444
0.46840444
0.58540404
0.58540404
0.58540404
0.58540404
0.58540404
0.58540404
0.58540404
0.58540404
0.729707
0.729707
0.729707
0.729707
0.729707
0.729707
0.729707
0.729707
0.91441786
0.91441786
0.91441786
0.91441786
0.91441786
0.91441786
0.91441786
0.91441786
1.1369406
1.1369406
1.1369406
1.1369406
1.1369406
1.1369406
1.1369406
1.1369406
1.3699399
1.3699399
1.3699399
1.3699399
1.3699399
1.3699399
1.3699399
1.3699399
1.5928289
1.5928289
1.5928289
1.5928289
1.5928289
1.5928289
1.5928289
1.5928289
1.814562
1.814562
1.814562
1.814562
1.814562
1.814562
1.814562
1.814562
1.9917867
1.9917867
1.9917867
1.9917867
1.9917867
1.9917867
1.9917867
1.9917867
2.1630542
2.1630542
2.1630542
2.1630542
2.1630542
2.1630542
2.1630542
2.1630542
2.2740538
2.2740538
2.2740538
2.2740538
2.2740538
2.2740538
2.2740538
2.2740538
2.3625636
2.3625636
2.3625636
2.3625636
2.3625636
2.3625636
2.3625636
2.3625636
2.3809142
2.3809142
2.3809142
2.3809142
2.3809142
2.3809142
2.3809142
2.3809142
2.356263
2.356263
2.356263
2.356263
2.356263
2.356263
2.356263
2.356263
2.2479074
2.2479074
2.2479074
2.2479074
2.2479074
2.2479074
2.2479074
2.2479074
2.0845683
2.0845683
2.0845683
2.0845683
2.0845683
2.0845683
2.0845683
2.0845683
1.8895243
1.8895243
1.8895243
1.8895243
1.8895243
1.8895243
1.8895243
1.8895243
1.6845996
1.6845996
1.6845996
1.6845996
1.6845996
1.6845996
1.6845996
1.6845996
1.4746438
1.4746438
1.4746438
1.4746438
1.4746438
1.4746438
1.4746438
1.4746438
1.289393
1.289393
1.289393
1.289393
1.289393
1.289393
1.289393
1.289393
1.1143667
1.1143667
1.1143667
1.1143667
1.1143667
1.1143667
1.1143667
1.1143667
0.98633224
0.98633224
0.98633224
0.98633224
0.98633224
0.98633224
0.98633224
0.98633224
0.7846622
0.7846622
0.7846622
0.7846622
0.7846622
0.7846622
0.7846622
0.7846622
0.64463973
0.64463973
0.64463973
0.64463973
0.64463973
0.64463973
0.64463973
0.64463973
0.52629125
0.52629125
0.52629125
0.52629125
0.52629125
0.52629125
0.52629125
0.52629125
0.4265036
0.4265036
0.4265036
0.4265036
0.4265036
0.4265036
0.4265036
0.4265036
0.3488826
0.3488826
0.3488826
0.3488826
0.3488826
0.3488826
0.3488826
0.3488826
0.2779117
0.2779117
0.2779117
0.2779117
0.2779117
0.2779117
0.2779117
0.2779117
0.21551867
0.21551867
0.21551867
0.21551867
0.21551867
0.21551867
0.21551867
0.21551867
0.1868524
0.1868524
0.1868524
0.1868524
0.1868524
0.1868524
0.1868524
0.1868524
0.16446036
0.16446036
0.16446036
0.16446036
0.16446036
0.16446036
0.16446036
0.16446036
0.14562416
0.14562416
0.14562416
0.14562416
0.14562416
0.14562416
0.14562416
0.14562416
0.12999588
0.12999588
0.12999588
0.12999588
0.12999588
0.12308983
0.12308983
0.12308983
0.12308983
0.12308983
0.12308983
0.12308983
0.12308983
0.1282815
0.1282815
0.1282815
0.1282815
0.1282815
0.1282815
0.1282815
0.1282815
0.11277924
0.11277924
0.11277924
0.11277924
0.11277924
0.11277924
0.11277924
0.11277924
0.092039876
0.092039876
0.092039876
0.092039876
0.092039876
0.092039876
0.092039876
0.092039876
0.0843597
0.0843597
0.0843597
0.0843597
0.0843597
0.0843597
0.0843597
0.0843597
0.085472435
0.085472435
0.085472435
0.085472435
0.085472435
0.085472435
0.085472435
0.085472435
0.09453046
0.09453046
0.09453046
0.09453046
0.09453046
0.09453046
0.09453046
0.09453046
0.11400194
0.11400194
0.11400194
0.11400194
0.11400194
0.11400194
0.11400194
0.11400194
0.13948056
0.13948056
0.13948056
0.13948056
0.13948056
0.13948056
0.13948056
0.13948056
0.17693475
0.17693475
0.17693475
0.17693475
0.17693475
0.17693475
0.17693475
0.17693475
0.2440177
0.2440177
0.2440177
0.2440177
0.2440177
0.2440177
0.2440177
0.2440177
0.3193531
0.3193531
0.3193531
0.3193531
0.3193531
0.3193531
0.3193531
0.3193531
0.3742577
0.3742577
0.3742577
0.3742577
0.3742577
0.3742577
0.3742577
0.3742577
0.4699114
0.4699114
0.4699114
0.4699114
0.4699114
0.4699114
0.4699114
0.4699114
0.58927286
0.58927286
0.58927286
0.58927286
0.58927286
0.58927286
0.58927286
0.58927286
0.72484535
0.72484535
0.72484535
0.72484535
0.72484535
0.72484535
0.72484535
0.72484535
0.8971286
0.8971286
0.8971286
0.8971286
0.8971286
0.8971286
0.8971286
0.8971286
1.1077971
1.1077971
1.1077971
1.1077971
1.1077971
1.1077971
1.1077971
1.1077971
1.3416075
1.3416075
1.3416075
1.3416075
1.3416075
1.3416075
1.3416075
1.3416075
1.5725845
1.5725845
1.5725845
1.5725845
1.5725845
1.5725845
1.5725845
1.5725845
1.7586217
1.7586217
1.7586217
1.7586217
1.7586217
1.7586217
1.7586217
1.7586217
1.9084668
1.9084668
1.9084668
1.9084668
1.9084668
1.9084668
1.9084668
1.9084668
2.048334
2.048334
2.048334
2.048334
2.048334
2.048334
2.048334
2.048334
2.1771612
2.1771612
2.1771612
2.1771612
2.1771612
2.1771612
2.1771612
2.1771612
2.3005362
2.3005362
2.3005362
2.3005362
2.3005362
2.3005362
2.3005362
2.3005362
2.3664114
2.3664114
2.3664114
2.3664114
2.3664114
2.3664114
2.3664114
2.3664114
2.401914
2.401914
2.401914
2.401914
2.401914
2.401914
2.401914
2.401914
2.3417392
2.3417392
2.3417392
2.3417392
2.3417392
2.3417392
2.3417392
2.3417392
2.2494788
2.2494788
2.2494788
2.2494788
2.2494788
2.2494788
2.2494788
2.2494788
2.0920436
2.0920436
2.0920436
2.0920436
2.0920436
2.0920436
2.0920436
2.0920436
1.9219332
1.9219332
1.9219332
1.9219332
1.9219332
1.9219332
1.9219332
1.9219332
1.7048559
1.7048559
1.7048559
1.7048559
1.7048559
1.7048559
1.7048559
1.7048559
1.5021565
1.5021565
1.5021565
1.5021565
1.5021565
1.5021565
1.5021565
1.5021565
1.3032595
1.3032595
1.3032595
1.3032595
1.3032595
1.3032595
1.3032595
1.3032595
1.0699769
1.0699769
1.0699769
1.0699769
1.0699769
1.0699769
1.0699769
1.0699769
0.8647322
0.8647322
0.8647322
0.8647322
0.8647322
0.8647322
0.8647322
0.8647322
0.6954815
0.6954815
0.6954815
0.6954815
0.6954815
0.6954815
0.6954815
0.6954815
0.56498384
0.56498384
0.56498384
0.56498384
0.56498384
0.56498384
0.56498384
0.56498384
0.46327695
0.46327695
0.46327695
0.46327695
0.46327695
0.46327695
0.46327695
0.46327695
0.3865792
0.3865792
0.3865792
0.3865792
0.3865792
0.3865792
0.3865792
0.3865792
0.31638783
0.31638783
0.31638783
0.31638783
0.31638783
0.31638783
0.31638783
0.31638783
0.29961416
0.29961416
0.29961416
0.29961416
0.29961416
0.29961416
0.29961416
0.29961416
0.24730323
0.24730323
0.24730323
0.24730323
0.24730323
0.24730323
0.24730323
0.24730323
0.23544464
0.23544464
0.23544464
0.23544464
0.23544464
0.23544464
0.23544464
0.23544464
0.21452749
0.21452749
0.21452749
0.21452749
0.21452749
0.21452749
0.21452749
0.21452749
0.18074341
0.18074341
0.18074341
0.18074341
0.18074341
0.18074341
0.15886246
0.15886246
0.15886246
0.15886246
0.15886246
0.15886246
0.15886246
0.15886246
0.13847591
0.13847591
0.13847591
0.13847591
0.13847591
0.13847591
0.13847591
0.13847591
0.12212062
0.12212062
0.12212062
0.12212062
0.12212062
0.12212062
0.12212062
0.12212062
0.115268275
0.115268275
0.115268275
0.115268275
0.115268275
0.115268275
0.115268275
0.115268275
0.1162086
0.1162086
0.1162086
0.1162086
0.1162086
0.1162086
0.1162086
0.1162086
0.13180192
0.13180192
0.13180192
0.13180192
0.13180192
0.13180192
0.13180192
0.13180192
0.13766313
0.13766313
0.13766313
0.13766313
0.13766313
0.13766313
0.13766313
0.13766313
0.16264763
0.16264763
0.16264763
0.16264763
0.16264763
0.16264763
0.16264763
0.16264763
0.1943362
0.1943362
0.1943362
0.1943362
0.1943362
0.1943362
0.1943362
0.1943362
0.23425296
0.23425296
0.23425296
0.23425296
0.23425296
0.23425296
0.23425296
0.23425296
0.274305
0.274305
0.274305
0.274305
0.274305
0.274305
0.274305
0.274305
0.32547417
0.32547417
0.32547417
0.32547417
0.32547417
0.32547417
0.32547417
0.32547417
0.4004124
0.4004124
0.4004124
0.4004124
0.4004124
0.4004124
0.4004124
0.4004124
0.47656432
0.47656432
0.47656432
0.47656432
0.47656432
0.47656432
0.47656432
0.47656432
0.57308054
0.57308054
0.57308054
0.57308054
0.57308054
0.57308054
0.57308054
0.57308054
0.69716036
0.69716036
0.69716036
0.69716036
0.69716036
0.69716036
0.69716036
0.69716036
0.8508313
0.8508313
0.8508313
0.8508313
0.8508313
0.8508313
0.8508313
0.8508313
1.074063
1.074063
1.074063
1.074063
1.074063
1.074063
1.074063
1.074063
1.3301456
1.3301456
1.3301456
1.3301456
1.3301456
1.3301456
1.3301456
1.3301456
1.6265107
1.6265107
1.6265107
1.6265107
1.6265107
1.6265107
1.6265107
1.6265107
1.9327358
1.9327358
1.9327358
1.9327358
1.9327358
1.9327358
1.9327358
1.9327358
2.1855264
2.1855264
2.1855264
2.1855264
2.1855264
2.1855264
2.1855264
2.1855264
2.3401597
2.3401597
2.3401597
2.3401597
2.3401597
2.3401597
2.3401597
2.3401597
2.4597507
2.4597507
2.4597507
2.4597507
2.4597507
2.4597507
2.4597507
2.4597507
2.508855
2.508855
2.508855
2.508855
2.508855
2.508855
2.508855
2.508855
2.5221474
2.5221474
2.5221474
2.5221474
2.5221474
2.5221474
2.5221474
2.5221474
2.4987228
2.4987228
2.4987228
2.4987228
2.4987228
2.4987228
2.4987228
2.4987228
2.4183004
2.4183004
2.4183004
2.4183004
2.4183004
2.4183004
2.4183004
2.4183004
2.2897367
2.2897367
2.2897367
2.2897367
2.2897367
2.2897367
2.2897367
2.2897367
2.1380527
2.1380527
2.1380527
2.1380527
2.1380527
2.1380527
2.1380527
2.1380527
1.978495
1.978495
1.978495
1.978495
1.978495
1.978495
1.978495
1.978495
1.7692001
1.7692001
1.7692001
1.7692001
1.7692001
1.7692001
1.7692001
1.7692001
1.5709864
1.5709864
1.5709864
1.5709864
1.5709864
1.5709864
1.5709864
1.5709864
1.3560591
1.3560591
1.3560591
1.3560591
1.3560591
1.3560591
1.3560591
1.3560591
1.1301771
1.1301771
1.1301771
1.1301771
1.1301771
1.1301771
1.1301771
1.1301771
0.92865986
0.92865986
0.92865986
0.92865986
0.92865986
0.92865986
0.92865986
0.92865986
0.75776845
0.75776845
0.75776845
0.75776845
0.75776845
0.75776845
0.75776845
0.75776845
0.61284643
0.61284643
0.61284643
0.61284643
0.61284643
0.61284643
0.61284643
0.61284643
0.48964152
0.48964152
0.48964152
0.48964152
0.48964152
0.48964152
0.48964152
0.48964152
0.3821704
0.3821704
0.3821704
0.3821704
0.3821704
0.3821704
0.3821704
0.3821704
0.28007272
0.28007272
0.28007272
0.28007272
0.28007272
0.28007272
0.28007272
0.28007272
0.20811643
0.20811643
0.20811643
0.20811643
0.20811643
0.20811643
0.20811643
0.20811643
0.14865795
0.14865795
0.14865795
0.14865795
0.14865795
0.14865795
0.14865795
0.14865795
0.10791277
0.10791277
0.10791277
0.10791277
0.10791277
0.10791277
0.10791277
0.10791277
0.07898172
0.07898172
0.07898172
0.07898172
0.07898172
0.07898172
0.07898172
0.07898172
0.063850716
0.063850716
0.063850716
0.063850716
0.063850716
0.059035387
0.059035387
0.059035387
0.059035387
0.059035387
0.059035387
0.059035387
0.059035387
0.06388658
0.06388658
0.06388658
0.06388658
0.06388658
0.06388658
0.06388658
0.06388658
0.06848846
0.06848846
0.06848846
0.06848846
0.06848846
0.06848846
0.06848846
0.06848846
0.072529055
0.072529055
0.072529055
0.072529055
0.072529055
0.072529055
0.072529055
0.072529055
0.07519205
0.07519205
0.07519205
0.07519205
0.07519205
0.07519205
0.07519205
0.07519205
0.08491304
0.08491304
0.08491304
0.08491304
0.08491304
0.08491304
0.08491304
0.08491304
0.096680425
0.096680425
0.096680425
0.096680425
0.096680425
0.096680425
0.096680425
0.096680425
0.11934183
0.11934183
0.11934183
0.11934183
0.11934183
0.11934183
0.11934183
0.11934183
0.1566908
0.1566908
0.1566908
0.1566908
0.1566908
0.1566908
0.1566908
0.1566908
0.1989208
0.1989208
0.1989208
0.1989208
0.1989208
0.1989208
0.1989208
0.1989208
0.28035465
0.28035465
0.28035465
0.28035465
0.28035465
0.28035465
0.28035465
0.28035465
0.35852557
0.35852557
0.35852557
0.35852557
0.35852557
0.35852557
0.35852557
0.35852557
0.46629763
0.46629763
0.46629763
0.46629763
0.46629763
0.46629763
0.46629763
0.46629763
0.6031208
0.6031208
0.6031208
0.6031208
0.6031208
0.6031208
0.6031208
0.6031208
0.7707144
0.7707144
0.7707144
0.7707144
0.7707144
0.7707144
0.7707144
0.7707144
0.97775084
0.97775084
0.97775084
0.97775084
0.97775084
0.97775084
0.97775084
0.97775084
1.2165912
1.2165912
1.2165912
1.2165912
1.2165912
1.2165912
1.2165912
1.2165912
1.4520626
1.4520626
1.4520626
1.4520626
1.4520626
1.4520626
1.4520626
1.4520626
1.7177427
1.7177427
1.7177427
1.7177427
1.7177427
1.7177427
1.7177427
1.7177427
1.9152993
1.9152993
1.9152993
1.9152993
1.9152993
1.9152993
1.9152993
1.9152993
2.0933025
2.0933025
2.0933025
2.0933025
2.0933025
2.0933025
2.0933025
2.0933025
2.2404096
2.2404096
2.2404096
2.2404096
2.2404096
2.2404096
2.2404096
2.2404096
2.307086
2.307086
2.307086
2.307086
2.307086
2.307086
2.307086
2.307086
2.332894
2.332894
2.332894
2.332894
2.332894
2.332894
2.332894
2.332894
2.3319845
2.3319845
2.3319845
2.3319845
2.3319845
2.3319845
2.3319845
2.3319845
2.3141608
2.3141608
2.3141608
2.3141608
2.3141608
2.3141608
2.3141608
2.3141608
2.274059
2.274059
2.274059
2.274059
2.274059
2.274059
2.274059
2.274059
2.2084618
2.2084618
2.2084618
2.2084618
2.2084618
2.2084618
2.2084618
2.2084618
2.1087687
2.1087687
2.1087687
2.1087687
2.1087687
2.1087687
2.1087687
2.1087687
1.9660219
1.9660219
1.9660219
1.9660219
1.9660219
1.9660219
1.9660219
1.9660219
1.8181217
1.8181217
1.8181217
1.8181217
1.8181217
1.8181217
1.8181217
1.8181217
1.614663
1.614663
1.614663
1.614663
1.614663
1.614663
1.614663
1.614663
1.4040779
1.4040779
1.4040779
1.4040779
1.4040779
1.4040779
1.4040779
1.4040779
1.1896052
1.1896052
1.1896052
1.1896052
1.1896052
1.1896052
1.1896052
1.1896052
0.9828062
0.9828062
0.9828062
0.9828062
0.9828062
0.9828062
0.9828062
0.9828062
0.7951144
0.7951144
0.7951144
0.7951144
0.7951144
0.7951144
0.7951144
0.7951144
0.646065
0.646065
0.646065
0.646065
0.646065
0.646065
0.646065
0.646065
0.5303698
0.5303698
0.5303698
0.5303698
0.5303698
0.5303698
0.5303698
0.5303698
0.43461412
0.43461412
0.43461412
0.43461412
0.43461412
0.43461412
0.43461412
0.43461412
0.36400205
0.36400205
0.36400205
0.36400205
0.36400205
0.36400205
0.36400205
0.36400205
0.3116466
0.3116466
0.3116466
0.3116466
0.3116466
0.3116466
0.3116466
0.3116466
0.292059
0.292059
0.292059
0.292059
0.292059
0.292059
0.292059
0.292059
0.2586906
0.2586906
0.2586906
0.2586906
0.2586906
0.2586906
0.2586906
0.2586906
0.21958719
0.21958719
0.21958719
0.21958719
0.21958719
0.21958719
0.21958719
0.21958719
0.1944572
0.1944572
0.1944572
0.1944572
0.1944572
0.1944572
0.1944572
0.1944572
0.16788106
0.16788106
0.16788106
0.16788106
0.16788106
0.14220524
0.14220524
0.14220524
0.14220524
0.14220524
0.14220524
0.14220524
0.14220524
0.11820582
0.11820582
0.11820582
0.11820582
0.11820582
0.11820582
0.11820582
0.11820582
0.104536794
0.104536794
0.104536794
0.104536794
0.104536794
0.104536794
0.104536794
0.104536794
0.09792889
0.09792889
0.09792889
0.09792889
0.09792889
0.09792889
0.09792889
0.09792889
0.097193405
0.097193405
0.097193405
0.097193405
0.097193405
0.097193405
0.097193405
0.097193405
0.09997916
0.09997916
0.09997916
0.09997916
0.09997916
0.09997916
0.09997916
0.09997916
0.107179396
0.107179396
0.107179396
0.107179396
0.107179396
0.107179396
0.107179396
0.107179396
0.12749934
0.12749934
0.12749934
0.12749934
0.12749934
0.12749934
0.12749934
0.12749934
0.15621899
0.15621899
0.15621899
0.15621899
0.15621899
0.15621899
0.15621899
0.15621899
0.19079727
0.19079727
0.19079727
0.19079727
0.19079727
0.19079727
0.19079727
0.19079727
0.2792098
0.2792098
0.2792098
0.2792098
0.2792098
0.2792098
0.2792098
0.2792098
0.33217102
0.33217102
0.33217102
0.33217102
0.33217102
0.33217102
0.33217102
0.33217102
0.42808104
0.42808104
0.42808104
0.42808104
0.42808104
0.42808104
0.42808104
0.42808104
0.55196846
0.55196846
0.55196846
0.55196846
0.55196846
0.55196846
0.55196846
0.55196846
0.7040332
0.7040332
0.7040332
0.7040332
0.7040332
0.7040332
0.7040332
0.7040332
0.9034072
0.9034072
0.9034072
0.9034072
0.9034072
0.9034072
0.9034072
0.9034072
1.1434816
1.1434816
1.1434816
1.1434816
1.1434816
1.1434816
1.1434816
1.1434816
1.3807358
1.3807358
1.3807358
1.3807358
1.3807358
1.3807358
1.3807358
1.3807358
1.6265852
1.6265852
1.6265852
1.6265852
1.6265852
1.6265852
1.6265852
1.6265852
1.8344961
1.8344961
1.8344961
1.8344961
1.8344961
1.8344961
1.8344961
1.8344961
2.0129414
2.0129414
2.0129414
2.0129414
2.0129414
2.0129414
2.0129414
2.0129414
2.1792798
2.1792798
2.1792798
2.1792798
2.1792798
2.1792798
2.1792798
2.1792798
2.25555
2.25555
2.25555
2.25555
2.25555
2.25555
2.25555
2.25555
2.31377
2.31377
2.31377
2.31377
2.31377
2.31377
2.31377
2.31377
2.3058326
2.3058326
2.3058326
2.3058326
2.3058326
2.3058326
2.3058326
2.3058326
2.281164
2.281164
2.281164
2.281164
2.281164
2.281164
2.281164
2.281164
2.2128534
2.2128534
2.2128534
2.2128534
2.2128534
2.2128534
2.2128534
2.2128534
2.1202927
2.1202927
2.1202927
2.1202927
2.1202927
2.1202927
2.1202927
2.1202927
2.0189536
2.0189536
2.0189536
2.0189536
2.0189536
2.0189536
2.0189536
2.0189536
1.8803672
1.8803672
1.8803672
1.8803672
1.8803672
1.8803672
1.8803672
1.8803672
1.7497277
1.7497277
1.7497277
1.7497277
1.7497277
1.7497277
1.7497277
1.7497277
1.5764914
1.5764914
1.5764914
1.5764914
1.5764914
1.5764914
1.5764914
1.5764914
1.3819962
1.3819962
1.3819962
1.3819962
1.3819962
1.3819962
1.3819962
1.3819962
1.2029153
1.2029153
1.2029153
1.2029153
1.2029153
1.2029153
1.2029153
1.2029153
1.0148137
1.0148137
1.0148137
1.0148137
1.0148137
1.0148137
1.0148137
1.0148137
0.85638267
0.85638267
0.85638267
0.85638267
0.85638267
0.85638267
0.85638267
0.85638267
0.71891534
0.71891534
0.71891534
0.71891534
0.71891534
0.71891534
0.71891534
0.71891534
0.60525674
0.60525674
0.60525674
0.60525674
0.60525674
0.60525674
0.60525674
0.60525674
0.50119084
0.50119084
0.50119084
0.50119084
0.50119084
0.50119084
0.50119084
0.50119084
0.4207062
0.4207062
0.4207062
0.4207062
0.4207062
0.4207062
0.4207062
0.4207062
0.32893792
0.32893792
0.32893792
0.32893792
0.32893792
0.32893792
0.32893792
0.32893792
0.2958794
0.2958794
0.2958794
0.2958794
0.2958794
0.2958794
0.2958794
0.2958794
0.2101212
0.2101212
0.2101212
0.2101212
0.2101212
0.2101212
0.2101212
0.2101212
0.16470082
0.16470082
0.16470082
0.16470082
0.16470082
0.16470082
0.16470082
0.16470082
0.12346537
0.12346537
0.12346537
0.12346537
0.12346537
0.12346537
0.12346537
0.12346537
0.093684204
0.093684204
0.093684204
0.093684204
0.093684204
0.068567395
0.068567395
0.068567395
0.068567395
0.068567395
0.068567395
0.068567395
0.068567395
0.061632846
0.061632846
0.061632846
0.061632846
0.061632846
0.061632846
0.061632846
0.061632846
0.06092652
0.06092652
0.06092652
0.06092652
0.06092652
0.06092652
0.06092652
0.06092652
0.056659464
0.056659464
0.056659464
0.056659464
0.056659464
0.056659464
0.056659464
0.056659464
0.057478886
0.057478886
0.057478886
0.057478886
0.057478886
0.057478886
0.057478886
0.057478886
0.060817212
0.060817212
0.060817212
0.060817212
0.060817212
0.060817212
0.060817212
0.060817212
0.062269583
0.062269583
0.062269583
0.062269583
0.062269583
0.062269583
0.062269583
0.062269583
0.074778594
0.074778594
0.074778594
0.074778594
0.074778594
0.074778594
0.074778594
0.074778594
0.10686838
0.10686838
0.10686838
0.10686838
0.10686838
0.10686838
0.10686838
0.10686838
0.13699494
0.13699494
0.13699494
0.13699494
0.13699494
0.13699494
0.13699494
0.13699494
0.18131539
0.18131539
0.18131539
0.18131539
0.18131539
0.18131539
0.18131539
0.18131539
0.24226788
0.24226788
0.24226788
0.24226788
0.24226788
0.24226788
0.24226788
0.24226788
0.31440812
0.31440812
0.31440812
0.31440812
0.31440812
0.31440812
0.31440812
0.31440812
0.42077237
0.42077237
0.42077237
0.42077237
0.42077237
0.42077237
0.42077237
0.42077237
0.5224524
0.5224524
0.5224524
0.5224524
0.5224524
0.5224524
0.5224524
0.5224524
0.6575484
0.6575484
0.6575484
0.6575484
0.6575484
0.6575484
0.6575484
0.6575484
0.8174323
0.8174323
0.8174323
0.8174323
0.8174323
0.8174323
0.8174323
0.8174323
1.0167655
1.0167655
1.0167655
1.0167655
1.0167655
1.0167655
1.0167655
1.0167655
1.2573141
1.2573141
1.2573141
1.2573141
1.2573141
1.2573141
1.2573141
1.2573141
1.5032443
1.5032443
1.5032443
1.5032443
1.5032443
1.5032443
1.5032443
1.5032443
1.7617412
1.7617412
1.7617412
1.7617412
1.7617412
1.7617412
1.7617412
1.7617412
1.9874748
1.9874748
1.9874748
1.9874748
1.9874748
1.9874748
1.9874748
1.9874748
2.1436257
2.1436257
2.1436257
2.1436257
2.1436257
2.1436257
2.1436257
2.1436257
2.2993705
2.2993705
2.2993705
2.2993705
2.2993705
2.2993705
2.2993705
2.2993705
2.4069765
2.4069765
2.4069765
2.4069765
2.4069765
2.4069765
2.4069765
2.4069765
2.50184
2.50184
2.50184
2.50184
2.50184
2.50184
2.50184
2.50184
2.5142283
2.5142283
2.5142283
2.5142283
2.5142283
2.5142283
2.5142283
2.5142283
2.4531038
2.4531038
2.4531038
2.4531038
2.4531038
2.4531038
2.4531038
2.4531038
2.3214371
2.3214371
2.3214371
2.3214371
2.3214371
2.3214371
2.3214371
2.3214371
2.1529863
2.1529863
2.1529863
2.1529863
2.1529863
2.1529863
2.1529863
2.1529863
1.9497352
1.9497352
1.9497352
1.9497352
1.9497352
1.9497352
1.9497352
1.9497352
1.7287701
1.7287701
1.7287701
1.7287701
1.7287701
1.7287701
1.7287701
1.7287701
1.5003276
1.5003276
1.5003276
1.5003276
1.5003276
1.5003276
1.5003276
1.5003276
1.2962905
1.2962905
1.2962905
1.2962905
1.2962905
1.2962905
1.2962905
1.2962905
1.0681919
1.0681919
1.0681919
1.0681919
1.0681919
1.0681919
1.0681919
1.0681919
0.8698406
0.8698406
0.8698406
0.8698406
0.8698406
0.8698406
0.8698406
0.8698406
0.71401817
0.71401817
0.71401817
0.71401817
0.71401817
0.71401817
0.71401817
0.71401817
0.58846045
0.58846045
0.58846045
0.58846045
0.58846045
0.58846045
0.58846045
0.58846045
0.4834355
0.4834355
0.4834355
0.4834355
0.4834355
0.4834355
0.4834355
0.4834355
0.40026575
0.40026575
0.40026575
0.40026575
0.40026575
0.40026575
0.40026575
0.40026575
0.3335088
0.3335088
0.3335088
0.3335088
0.3335088
0.3335088
0.3335088
0.3335088
0.29845202
0.29845202
0.29845202
0.29845202
0.29845202
0.29845202
0.29845202
0.29845202
0.252445
0.252445
0.252445
0.252445
0.252445
0.252445
0.252445
0.252445
0.19984393
0.19984393
0.19984393
0.19984393
0.19984393
0.19984393
0.19984393
0.19984393
0.17290132
0.17290132
0.17290132
0.17290132
0.17290132
0.17290132
0.17290132
0.17290132
0.14340319
0.14340319
0.14340319
0.14340319
0.14340319
0.14340319
0.11386869
0.11386869
0.11386869
0.11386869
0.11386869
0.11386869
0.11386869
0.11386869
0.09809223
0.09809223
0.09809223
0.09809223
0.09809223
0.09809223
0.09809223
0.09809223
0.09030349
0.09030349
0.09030349
0.09030349
0.09030349
0.09030349
0.09030349
0.09030349
0.09072346
0.09072346
0.09072346
0.09072346
0.09072346
0.09072346
0.09072346
0.09072346
0.101697475
0.101697475
0.101697475
0.101697475
0.101697475
0.101697475
0.101697475
0.101697475
0.12701532
0.12701532
0.12701532
0.12701532
0.12701532
0.12701532
0.12701532
0.12701532
0.14578927
0.14578927
0.14578927
0.14578927
0.14578927
0.14578927
0.14578927
0.14578927
0.17530346
0.17530346
0.17530346
0.17530346
0.17530346
0.17530346
0.17530346
0.17530346
0.20479636
0.20479636
0.20479636
0.20479636
0.20479636
0.20479636
0.20479636
0.20479636
0.27677706
0.27677706
0.27677706
0.27677706
0.27677706
0.27677706
0.27677706
0.27677706
0.2967843
0.2967843
0.2967843
0.2967843
0.2967843
0.2967843
0.2967843
0.2967843
0.34870332
0.34870332
0.34870332
0.34870332
0.34870332
0.34870332
0.34870332
0.34870332
0.42808974
0.42808974
0.42808974
0.42808974
0.42808974
0.42808974
0.42808974
0.42808974
0.5239988
0.5239988
0.5239988
0.5239988
0.5239988
0.5239988
0.5239988
0.5239988
0.6357293
0.6357293
0.6357293
0.6357293
0.6357293
0.6357293
0.6357293
0.6357293
0.77390945
0.77390945
0.77390945
0.77390945
0.77390945
0.77390945
0.77390945
0.77390945
0.9427425
0.9427425
0.9427425
0.9427425
0.9427425
0.9427425
0.9427425
0.9427425
1.139863
1.139863
1.139863
1.139863
1.139863
1.139863
1.139863
1.139863
1.3187913
1.3187913
1.3187913
1.3187913
1.3187913
1.3187913
1.3187913
1.3187913
1.4989634
1.4989634
1.4989634
1.4989634
1.4989634
1.4989634
1.4989634
1.4989634
1.6874682
1.6874682
1.6874682
1.6874682
1.6874682
1.6874682
1.6874682
1.6874682
1.9081194
1.9081194
1.9081194
1.9081194
1.9081194
1.9081194
1.9081194
1.9081194
2.0278149
2.0278149
2.0278149
2.0278149
2.0278149
2.0278149
2.0278149
2.0278149
2.1861196
2.1861196
2.1861196
2.1861196
2.1861196
2.1861196
2.1861196
2.1861196
2.2918994
2.2918994
2.2918994
2.2918994
2.2918994
2.2918994
2.2918994
2.2918994
2.4133546
2.4133546
2.4133546
2.4133546
2.4133546
2.4133546
2.4133546
2.4133546
2.5175877
2.5175877
2.5175877
2.5175877
2.5175877
2.5175877
2.5175877
2.5175877
2.569995
2.569995
2.569995
2.569995
2.569995
2.569995
2.569995
2.569995
2.5170672
2.5170672
2.5170672
2.5170672
2.5170672
2.5170672
2.5170672
2.5170672
2.3874037
2.3874037
2.3874037
2.3874037
2.3874037
2.3874037
2.3874037
2.3874037
2.178607
2.178607
2.178607
2.178607
2.178607
2.178607
2.178607
2.178607
1.9134501
1.9134501
1.9134501
1.9134501
1.9134501
1.9134501
1.9134501
1.9134501
1.6161069
1.6161069
1.6161069
1.6161069
1.6161069
1.6161069
1.6161069
1.6161069
1.3341181
1.3341181
1.3341181
1.3341181
1.3341181
1.3341181
1.3341181
1.3341181
1.0733755
1.0733755
1.0733755
1.0733755
1.0733755
1.0733755
1.0733755
1.0733755
0.85445124
0.85445124
0.85445124
0.85445124
0.85445124
0.85445124
0.85445124
0.85445124
0.69000894
0.69000894
0.69000894
0.69000894
0.69000894
0.69000894
0.69000894
0.69000894
0.55988854
0.55988854
0.55988854
0.55988854
0.55988854
0.55988854
0.55988854
0.55988854
0.45682126
0.45682126
0.45682126
0.45682126
0.45682126
0.45682126
0.45682126
0.45682126
0.3773555
0.3773555
0.3773555
0.3773555
0.3773555
0.3773555
0.3773555
0.3773555
0.31435826
0.31435826
0.31435826
0.31435826
0.31435826
0.31435826
0.31435826
0.31435826
0.26265147
0.26265147
0.26265147
0.26265147
0.26265147
0.26265147
0.26265147
0.26265147
0.22023089
0.22023089
0.22023089
0.22023089
0.22023089
0.22023089
0.22023089
0.22023089
0.17166062
0.17166062
0.17166062
0.17166062
0.17166062
0.17166062
0.17166062
0.17166062
0.14149112
0.14149112
0.14149112
0.14149112
0.14149112
0.14149112
0.14149112
0.14149112
0.10928548
0.10928548
0.10928548
0.10928548
0.10928548
